552339169
262638512
147607196
025387824
003344170
294002643
482019756
860817349
875344634
745306551
295144412
066276689
922160921
531870512
039106171
319898443
596190235
533964522
281522072
817957878
279655269
081322250
162073286
670620104
910555500
556203722
452105183
465511059
374483186
220538357
343393667
490890693
802341073
455556427
112188427
116819020
614888218
901576508
798144460
688811823
578192853
356151384
753338655
015754727
065565211
924332838
574184248
456151071
632391286
613076498
