699271676
726793017
438372700
372300211
619012950
141638220
714751973
418460247
556663487
662843210
690400736
626960005
350596678
379792701
119720887
583322616
854319560
505156336
858170138
980194257
472205253
793420219
803904259
433705269
988675650
670617687
778720088
481993146
629773892
891130405
220741557
692308149
576192249
400084413
276911340
565963986
649024816
728380246
733260285
744161694
081225650
854326592
145834753
537043409
866393661
201652845
290615036
273814589
174547022
403400150
146103458
582496255
075941520
725617774
206549262
240457652
554321008
773951106
279897423
140054332
186169026
576227584
738890422
544545566
206506299
458209364
696669908
468878492
396380332
028223466
692752661
461706978
974988017
182292617
524945838
763080448
754537608
525741638
571665192
919596436
142842011
386663823
097544523
666095554
245325845
275092089
369140564
625785191
659816685
154837705
757520634
758455604
645843847
803714606
446583033
590737372
742888806
055569366
199996925
791999135
523063885
497863084
644618217
144118088
633968284
598949717
227488375
598096661
855093721
743360625
409178166
762138146
302664103
371459174
161511024
433462945
250693182
148345826
276883710
843846996
621309652
172641455
724582945
139899296
949943225
054643674
744093989
579373834
233406991
242999227
423511291
571646006
681230295
265002483
280883985
383170456
319414366
859150528
967424745
008302803
502221269
195307010
908305873
317904418
359027927
147458215
514777240
521981364
277504942
331875315
369945593
872255035
597561506
884523027
164959078
258384008
664601626
411430305
849312231
475499842
985194835
780098674
003070060
269536233
781041075
316823590
553028820
282927587
527244113
633889015
133902707
268385794
475317876
902520378
890604427
842679896
604865440
880739435
170551894
038720043
360678148
834193257
911917892
322562204
413983817
243960316
856057762
178938018
594449487
294566010
088491904
324265045
582923664
803335377
474918080
903227587
328670163
741738431
137075965
296390681
661415251
793754276
767586056
784314080
527594667
206483021
028109464
219825885
315134917
132087573
087276259
771245888
841629995
123848680
267323598
846549448
789485672
652955072
776666257
767350117
802677448
552967156
739198055
944171048
202468711
899605529
249028473
193959112
003249248
061384332
513785130
890858502
357613024
268249846
654213394
420633369
048989162
582178028
274858463
868064907
383176630
550644526
958608644
648317081
493977193
753723131
149356313
805417896
149492964
544211231
436532809
080954178
826356149
961202006
644108807
496518298
206200392
395798014
517062611
764866595
