243962
243963
243964
243965
243966
243967
243968
243969
243970
243971
243972
243973
243974
243975
243976
243977
243978
243979
243980
243981
243982
243983
243984
243985
243986
243987
243988
243989
243990
243991
243992
243993
243994
243995
243996
243997
243998
243999
244000
244001
244002
244003
244004
244005
244006
244007
244008
244009
244010
244011
244012
244013
244014
244015
244016
244017
244018
244019
244020
244021
244022
244023
244024
244025
244026
244027
244028
244029
244030
244031
244032
244033
244034
244035
244036
244037
244038
244039
244040
244041
244042
244043
244044
244045
244046
244047
244048
244049
244050
244051
244052
244053
244054
244055
244056
244057
244058
244059
244060
244061
244062
244063
244064
244065
244066
244067
244068
244069
244070
244071
244072
244073
244074
244075
244076
244077
244078
244079
244080
244081
244082
244083
244084
244085
244086
244087
244088
244089
244090
244091
244092
244093
244094
244095
244096
244097
244098
244099
244100
244101
244102
244103
244104
244105
244106
244107
244108
244109
244110
244111
244112
244113
244114
244115
244116
244117
244118
244119
244120
244121
244122
244123
244124
244125
244126
244127
244128
244129
244130
244131
244132
244133
244134
244135
244136
244137
244138
244139
244140
244141
244142
244143
244144
244145
244146
244147
244148
244149
244150
244151
244152
244153
244154
244155
244156
244157
244158
244159
244160
244161
244162
244163
244164
244165
244166
244167
244168
244169
244170
244171
244172
244173
244174
244175
244176
244177
244178
244179
244180
244181
244182
244183
244184
244185
244186
244187
244188
244189
244190
244191
244192
244193
244194
244195
244196
244197
244198
244199
244200
244201
244202
244203
244204
244205
244206
244207
244208
244209
244210
244211
244212
244213
244214
244215
244216
244217
244218
244219
244220
244221
244222
244223
244224
244225
244226
244227
244228
244229
244230
244231
244232
244233
244234
244235
244236
244237
244238
244239
244240
244241
244242
244243
244244
244245
244246
244247
244248
244249
244250
244251
244252
244253
244254
244255
244256
244257
244258
244259
244260
244261
244262
244263
244264
244265
244266
244267
244268
244269
244270
244271
244272
244273
244274
244275
244276
244277
244278
244279
244280
244281
244282
244283
244284
244285
244286
244287
244289
244290
244291
244292
244293
244294
244295
244296
244297
244298
244299
244300
244301
244302
244303
244304
244305
244306
244307
244308
244309
244310
244311
